495416313185724417
1425427393452670977
502171976286258181
1481712965156799490
508927377066928132
1481713049476997127
1481713071782542343
9028087845493767
9028090456381440
9028090502813696
1481713154470106115
9028103224529924
9028103245887488
9028121616882691
9028122986011649
9028148941370375
9028164514669569
9028164630664193
9028180333210628
9028183333746688
9028186092233731
9028193811545094
9028193887217667
9028193945990146
9028235974597639
9028288462691333
9028323215834119
9028331227840514
9028331250494470
9028346146037763
9028379761427463
9028455355878401
9028521798681608
9028528165565444
9028535325096968
9028541988382725
9028562553001985
9028569026003972
9028582248994819
9028589927062533
9028668325411840
9028684063478785
9028756768815109
9028770921627656
9028778291937287
9028800240045057
9028801330174981
9028860921014279
9028902108165128
9028966229976069
9028967810161667
9028989354149891
9028992224051200
9028992677281796
9028992752193541
941281235527318536
9028997986925575
9029003196655624
9029043065148420
9029107654238209
9029158109992962
9029269972548608
9029284355373060
1425427389105749000
9029289422331905
6777506600550405
6777525465701381
6777612100244485
6777698724655106
6777736297816064
1607807603506124807
1425427418174642179
2677429706971741187
981813848492872705
6778059605623808
6778072147871746
3132293954981638149
6778090773146631
6778103315986439
6778103480478723
6778103963015169
6778104276431878
6778119025874949
6778154166003712
6778196414861317
6778200899277826
6778200944717830
6778200962276356
6778201095869445
6778201326039046
6778201790824448
6778201949564931
6778284989771783
6778287170890756
6778304409399297
6778375497035777
6778889683389445
6778890863807492
6778962404146180
6779005488525314
6779028272545795
6779087517539329
6779196913046530
1425427418503443458
1425427461513413637
2053667862124889091
1425427482474173445
6779270320595971
1425427501244471298
601268859857391621
601268946144988160
6779575533420545
6779841896345604
6779971227451394
6780019088669701
6780040814272515
6780103158419464
6780262482624515
6780262731938822
6780317573985282
6780620644370432
6780659160982535
6780659269053442
6780762973512711
6780763305830408
9032571568697352
9032644542383105
9032646178968584
9032650262250503
9032657630387204
9032657634035719
9032657782588423
9032657793057794
9032668913320961
9032746467423236
9032834974740488
9032847179125761
9033022643322884
9033059186344962
9033082771446792
9033086431266821
9033103930780675
9033105060193288
9033140460875780
9033186782222341
9033199208365063
9033218525910019
114868028580112385
114868113924683777
114868166273752072
2528797605556219909
2053667848488167431
2060423304257640450
114868185384470533
2062675144930164738
601268860306709509
601268996667282432
2630128873657675777
18041354298833922
887249806004717571
40559448437450752
40559514650456069
51818702406027268
51818703282236424
51818833130693639
51818929199105030
51818942733433863
981813878154429448
51818971973395462
51819006700455942
51819039311876103
51819055445651458
51819149071832066
51819210159619077
887249897257064456
51819331703476227
981813883907847172
981813907030415368
887249915354946561
51819366799153156
887249939913704452
893993772811522049
887249995479526406
1749676483005244416
893993856689142791
1456942926058852359
909756491789839368
1479460989586121731
909756556794312711
921015592710871045
1481712876137454592
921015634262054914
943533651708231688
957044523983833093
957044524082390016
957044525342205958
957044617920894980
957044641472385026
977310864362838020
957044557584214024
977310925866522632
977311063474124802
977311204798811141
977311264642129928
977311280505922568
943533655625997315
977311284597575682
977311284734049280
977311295771831297
1067395953943183363
977311298921956360
977311306292921345
977311311909744646
299519618193715200
299519627461191686
299519628602708996
601269033229800456
1038110261887361032
328793449938194439
373829459612935168
373829489556144132
373829546850404360
373829559660456966
373829650471076867
373829661171802120
373829661195548678
373829692725223425
373829720192336900
373829755611950084
373829760926846980
376081874435158021
376082131213980673
380586116133439489
389593536043795461
389593556888784901
389593560387318785
389593617881142274
389593894028386309
310781118353638407
310781127232757766
310781133070235649
310781134330521605
310781160940949509
310781167605550080
1499731541096625160
1499731572204480512
1499731614021706755
1499731788071333894
2321638886795148293
2321638956074468359
2321638960532317187
2321639059170250755
2344157121612249090
2344157219181333507
2344157334185485312
2344157406481873921
767897613907701761
767897643394939912
2677428474973881347
887249887929414659
767897650267071495
767897722665291783
2783258682892645376
774653324521197572
774653458257172486
774653478269632516
781408924529501189
2799021698842063879
2799021732458791936
2799021761468238851
2799021771885208584
2799021841608849409
2799021842362348551
2799021936520434692
2799021938926289923
2799022088520379394
2799022122927613959
520200868647856135
520200943361690632
522452768653669376
522452778859789314
2828296091166917633
2828296091237147656
2828296195798321160
2828296337219551234
2828296414741819393
2828296445711031297
2828296673053262848
2828296693799668744
2828296852383310851
2830548808202436614
2830548829872999425
2830548888721343494
2830548909429498886
2830548924656550913
2830548950821373954
2830549227328552961
2830549234537533448
2830549327145863173
2830549390091748355
2830549390434268160
1387145810090934279
2835053251494428674
2835053306133447684
2835053413458597891
2835053465500116997
1411916085111827458
1411916090168082433
1411916218558289927
2677428477549109252
1420923443025682436
1420923447131869192
1420923477440347144
1420923488489488391
1420923509602277384
1420923514497551362
1420923526765305857
1425427179793610755
1425427197411992583
1425427219803332614
1425427219906145280
2677428657758845960
2677428691544237064
2677428699490907141
1083160261306226695
2677428704089964552
2677428751545337858
2677428806621490184
2677428821661646851
2677428839101679621
2677428882800677894
2677428889759929351
2677428890923397122
2677428928544467970
2677429006331779076
2677429163233772546
2677429170850734084
2677429190139532289
2677429208465445888
2677429422287424513
2677429573082315783
2677429579626437639
2677429581517864966
2677429583840062471
2677429585024599042
2677429595741348866
2677429597482383368
2677429665840111621
2677429701805178882
2677429707722160128
2677429899182898182
2677430059392964615
2677430064609964033
3132293745115824136
3132293864294918145
3132293954613646342
3132294134761344007
887250003074532354
1216014804357311492
1216014804367992834
1216014805147393025
887250042949602309
887250064509740036
1216014816043412481
887250309495854088
887250315265289219
887250512596350976
887250530442926081
887250537699032065
887250537903064071
887250551125881864
1110180482931113988
887250561600357376
887250622737240067
887250682157228035
887250687092512773
887250728178428930
887250734924591104
1110180577598928897
1110180660682086408
887250916882510856
1083160261155361799
887251073692153858
1110180732957417479
887251304186731527
1022359598591774720
1022359615856267265
1022359615986522115
1022359617766436870
1022359635383811078
1110180734206274560
1123691618988039173
1132698937698959362
1132698992801862660
1132699074580851715
1132699074608349185
1053886124153699335
1053886124310332416
1053886130418365443
1053886133676037124
1065145203791335432
1065145213467482112
1065145263105583110
1065145296751153159
1065145299604288516
1065145331923915777
1083160261207062529
1285821790594846721
1285821826181919750
1285821871217957894
1285821877586481159
1285821944762539011
1083160274731713543
1083160277626384386
1105678017517873158
1105678021690363904
1105678027022133252
1139455183265633285
1139455183315737603
1139455187770013703
1083160211829023752
1083160211883930631
1083160281533263879
1083160283110702087
1083160283372358656
1083160285433511942
1083160286748674050
1085412095223816194
1085412095435747331
1085412099292384264
1085412261200122888
1085412413579368454
747643166574891016
1139455091630684164
1087664238449542150
1087664251713796101
1087664252247394308
1087664313720889347
1326355165460910081
2323902522240748548
2323902539215802371
889506267027793924
747643103315548168
747643169017672710
747643185128726533
747643188110130178
747643193307691013
747643234926784515
747643240077852677
747643240226893831
747643257620774916
747643258107327491
747643313270509575
